""
18.7
14.7
12.0
11.0
8.3
10.7
10.0
10.3
11.0
13.0
14.3
18.0
19.0
19.0
19.0
22.0
24.7
23.3
25.0
27.7
32.3
19.3
""
""
7.0
8.3
10.0
10.0
24.7
28.0
24.7
22.3
20.0
21.7
29.0
31.7
32.3
29.7
27.7
27.7
26.0
29.0
17.7
9.7
5.7
5.7
""
""
6.7
6.0
6.0
7.0
5.7
3.3
2.0
2.5
1.0
3.0
1.7
1.3
2.0
3.0
2.7
3.0
2.0
3.3
3.7
3.3
2.7
1.7
""
""
1.3
2.0
2.0
2.7
3.0
2.0
2.3
2.7
2.0
3.0
3.3
3.0
2.7
3.0
2.7
3.0
4.3
4.3
8.3
5.3
4.0
6.0
""
""
11.7
11.7
5.3
5.3
2.7
4.0
3.7
7.3
4.7
7.0
6.0
7.0
6.0
8.0
10.7
14.0
13.3
17.7
21.0
19.3
20.3
18.3
""
""
17.3
15.3
14.3
13.3
13.3
13.7
14.0
16.7
16.0
19.7
23.0
23.0
25.3
29.0
26.7
29.0
24.7
20.7
24.3
26.0
26.7
28.3
""
""
28.0
24.7
12.0
17.0
8.0
5.7
5.0
5.7
7.3
7.3
11.0
9.3
7.0
7.7
8.3
7.7
7.7
7.7
6.0
5.3
5.7
6.0
""
""
5.3
4.0
3.7
2.0
4.3
5.0
5.3
5.7
3.7
4.7
8.0
10.3
10.7
7.0
5.7
4.7
5.7
3.3
8.3
10.0
8.7
7.0
""
""
3.3
3.7
3.0
4.0
3.3
3.7
5.7
4.3
5.3
4.3
5.7
4.7
4.7
8.0
10.3
9.3
9.3
7.0
7.3
8.0
11.0
8.7
""
""
5.7
7.7
5.3
7.0
8.0
7.7
5.3
5.7
11.3
10.7
11.3
12.0
13.0
13.0
14.7
12.7
13.3
18.3
16.7
18.0
17.3
14.0
""
